0.1 0.444
0.2 0.376
0.3 0.376
0.4 0.390
0.5 0.366
0.6 0.468
0.7 0.482
0.8 0.483
0.9 0.481
1 0.473
1.1 0.539
1.2 0.383
1.3 0.371
1.4 0.488
1.5 0.370
1.6 0.369
1.7 0.367
1.8 0.392
1.9 0.373
2 0.376
2.1 0.490
2.2 0.487
2.3 0.502
2.4 0.484
2.5 0.484
2.6 0.462
2.7 0.483
2.8 0.484
2.9 0.486
3 0.477
3.1 0.389
3.2 0.465
3.3 0.483
3.4 0.476
3.5 0.472
3.6 0.483
3.7 0.481
3.8 0.477
3.9 0.484
4 0.484
4.1 0.485
4.2 0.459
4.3 0.487
4.4 0.486
4.5 0.483
4.6 0.488
4.7 0.489
4.8 0.481
4.9 0.491
5 0.486
5.1 0.494
5.2 0.490
5.3 0.489
5.4 0.482
5.5 0.491
5.6 0.492
5.7 0.489
5.8 0.558
5.9 0.409
6 0.348
6.1 0.342
6.2 0.376
6.3 0.490
6.4 0.484
6.5 0.521
6.6 0.482
6.7 0.490
6.8 0.480
6.9 0.543
7 0.482
7.1 0.483
7.2 0.491
7.3 0.509
7.4 0.482
7.5 0.483
7.6 0.484
7.7 0.370
7.8 0.368
7.9 0.364
8 0.375
8.1 0.373
8.2 0.373
8.3 0.368
8.4 0.488
8.5 0.496
8.6 0.483
8.7 0.483
8.8 0.486
8.9 0.517
9 0.471
9.1 0.394
9.2 0.485
9.3 0.489
9.4 0.480
9.5 0.485
9.6 0.482
9.7 0.509
9.8 0.481
9.9 0.486
10 0.483
10.1 0.490
10.2 0.483
10.3 0.483
10.4 0.482
10.5 0.490
10.6 0.482
10.7 0.491
10.8 0.482
10.9 0.492
11 0.480
11.1 0.490
11.2 0.488
11.3 0.492
11.4 0.357
11.5 0.501
11.6 0.486
11.7 0.493
11.8 0.489
11.9 0.490
12 0.489
12.1 0.496
12.2 0.488
12.3 0.491
12.4 0.487
12.5 0.487
12.6 0.489
12.7 0.489
12.8 0.489
12.9 0.482
13 0.489
13.1 0.493
13.2 0.489
13.3 0.386
13.4 0.485
13.5 0.489
13.6 0.390
13.7 0.461
13.8 0.490
13.9 0.487
14 0.491
14.1 0.445
14.2 0.491
14.3 0.493
14.4 0.492
14.5 0.432
14.6 0.466
14.7 0.498
14.8 0.490
14.9 0.421
15 0.492
15.1 0.491
15.2 0.489
15.3 0.418
15.4 0.499
15.5 0.493
15.6 0.488
15.7 0.398
15.8 0.495
15.9 0.488
16 0.491
16.1 0.384
16.2 0.496
16.3 0.495
16.4 0.489
16.5 0.375
16.6 0.497
16.7 0.487
16.8 0.490
16.9 0.368
17 0.434
17.1 0.491
17.2 0.487
17.3 0.385
17.4 0.492
17.5 0.490
17.6 0.487
17.7 0.365
17.8 0.456
17.9 0.503
18 0.491
18.1 0.365
18.2 0.497
18.3 0.498
18.4 0.490
18.5 0.367
18.6 0.456
18.7 0.493
18.8 0.491
18.9 0.365
19 0.499
19.1 0.467
19.2 0.489
19.3 0.390
19.4 0.498
19.5 0.493
19.6 0.488
19.7 0.395
19.8 0.488
19.9 0.490
20 0.457
20.1 0.391
20.2 0.496
20.3 0.488
20.4 0.491
20.5 0.394
20.6 0.493
20.7 0.488
20.8 0.488
20.9 0.490
21 0.460
21.1 0.493
21.2 0.493
21.3 0.395
21.4 0.493
21.5 0.486
21.6 0.493
21.7 0.455
21.8 0.493
21.9 0.489
22 0.488
22.1 0.496
22.2 0.486
22.3 0.495
22.4 0.488
22.5 0.496
22.6 0.488
22.7 0.493
22.8 0.487
22.9 0.490
23 0.487
23.1 0.489
23.2 0.488
23.3 0.492
23.4 0.489
23.5 0.488
23.6 0.396
23.7 0.497
23.8 0.488
23.9 0.491
24 0.489
24.1 0.492
24.2 0.470
24.3 0.492
24.4 0.487
24.5 0.492
24.6 0.490
24.7 0.458
24.8 0.489
24.9 0.449
25 0.491
25.1 0.491
25.2 0.489
25.3 0.461
25.4 0.491
25.5 0.510
25.6 0.500
25.7 0.463
25.8 0.490
25.9 0.494
26 0.489
26.1 0.466
26.2 0.489
26.3 0.507
26.4 0.502
26.5 0.376
26.6 0.364
26.7 0.367
26.8 0.365
26.9 0.462
27 0.484
27.1 0.485
27.2 0.365
27.3 0.437
27.4 0.387
27.5 0.370
27.6 0.364
27.7 0.366
27.8 0.328
27.9 0.330
28 0.364
28.1 0.469
28.2 0.476
28.3 0.486
28.4 0.482
28.5 0.389
28.6 0.368
28.7 0.369
28.8 0.489
28.9 0.380
29 0.378
29.1 0.381
29.2 0.338
29.3 0.482
29.4 0.382
29.5 0.330
29.6 0.346
29.7 0.384
29.8 0.562
29.9 0.344
30 0.323
30.1 0.347
30.2 0.413
30.3 0.580
30.4 0.319
30.5 0.341
30.6 0.338
30.7 0.328
30.8 0.435
30.9 0.332
31 0.330
31.1 0.341
31.2 0.346
31.3 0.555
31.4 0.343
31.5 0.345
31.6 0.702
31.7 0.321
31.8 0.371
31.9 0.372
32 0.387
32.1 0.387
32.2 0.386
32.3 0.385
32.4 0.383
32.5 0.382
32.6 0.382
32.7 0.384
32.8 0.385
32.9 0.466
33 0.485
33.1 0.483
33.2 0.487
33.3 0.397
33.4 0.488
33.5 0.483
33.6 0.486
33.7 0.465
33.8 0.485
33.9 0.473
34 0.484
34.1 0.469
34.2 0.488
34.3 0.482
34.4 0.486
34.5 0.471
34.6 0.484
34.7 0.483
34.8 0.485
34.9 0.472
35 0.484
35.1 0.484
35.2 0.486
35.3 0.469
35.4 0.483
35.5 0.490
35.6 0.485
35.7 0.471
35.8 0.483
35.9 0.484
36 0.483
36.1 0.487
36.2 0.484
36.3 0.484
36.4 0.483
36.5 0.489
36.6 0.487
36.7 0.484
36.8 0.486
36.9 0.493
37 0.483
37.1 0.489
37.2 0.482
37.3 0.488
37.4 0.485
37.5 0.484
37.6 0.484
37.7 0.491
37.8 0.485
37.9 0.483
38 0.484
38.1 0.491
38.2 0.485
38.3 0.342
38.4 0.480
38.5 0.477
38.6 0.483
38.7 0.487
38.8 0.484
38.9 0.481
39 0.484
39.1 0.483
39.2 0.485
39.3 0.476
39.4 0.483
39.5 0.483
39.6 0.395
39.7 0.480
39.8 0.483
39.9 0.487
40 0.484
40.1 0.483
40.2 0.365
40.3 0.370
40.4 0.364
40.5 0.478
40.6 0.484
40.7 0.486
40.8 0.484
40.9 0.479
41 0.485
41.1 0.486
41.2 0.382
41.3 0.481
41.4 0.487
41.5 0.480
41.6 0.487
41.7 0.482
41.8 0.485
41.9 0.489
42 0.483
42.1 0.480
42.2 0.486
42.3 0.442
42.4 0.484
42.5 0.482
42.6 0.481
42.7 0.484
42.8 0.480
42.9 0.486
43 0.481
43.1 0.486
43.2 0.481
43.3 0.460
43.4 0.485
43.5 0.484
43.6 0.483
43.7 0.483
43.8 0.482
43.9 0.484
44 0.483
44.1 0.483
44.2 0.483
44.3 0.482
44.4 0.482
44.5 0.486
44.6 0.483
44.7 0.486
44.8 0.486
44.9 0.481
45 0.489
45.1 0.488
45.2 0.494
45.3 0.487
45.4 0.489
45.5 0.447
45.6 0.492
45.7 0.482
45.8 0.486
45.9 0.485
46 0.488
46.1 0.485
46.2 0.485
46.3 0.490
46.4 0.488
46.5 0.385
46.6 0.492
46.7 0.486
46.8 0.495
46.9 0.491
47 0.484
47.1 0.484
47.2 0.499
47.3 0.492
47.4 0.488
47.5 0.489
47.6 0.489
47.7 0.491
47.8 0.455
47.9 0.492
48 0.494
48.1 0.491
48.2 0.491
48.3 0.493
48.4 0.494
48.5 0.460
48.6 0.494
48.7 0.489
48.8 0.495
48.9 0.489
49 0.488
49.1 0.492
49.2 0.400
49.3 0.494
49.4 0.489
49.5 0.490
49.6 0.496
49.7 0.350
49.8 0.499
49.9 0.493
50 0.388
50.1 0.492
50.2 0.488
50.3 0.487
50.4 0.480
50.5 0.488
50.6 0.493
50.7 0.488
50.8 0.467
50.9 0.492
51 0.493
51.1 0.488
51.2 0.456
51.3 0.490
51.4 0.490
51.5 0.492
51.6 0.392
51.7 0.493
51.8 0.489
51.9 0.488
52 0.350
52.1 0.498
52.2 0.486
52.3 0.488
52.4 0.416
52.5 0.501
52.6 0.486
52.7 0.487
52.8 0.402
52.9 0.450
53 0.455
53.1 0.488
53.2 0.401
53.3 0.495
53.4 0.490
53.5 0.492
53.6 0.395
53.7 0.496
53.8 0.489
53.9 0.479
54 0.399
54.1 0.492
54.2 0.492
54.3 0.490
54.4 0.397
54.5 0.494
54.6 0.491
54.7 0.495
54.8 0.391
54.9 0.494
55 0.492
55.1 0.491
55.2 0.398
55.3 0.494
55.4 0.491
55.5 0.489
55.6 0.389
55.7 0.496
55.8 0.495
55.9 0.489
56 0.391
56.1 0.458
56.2 0.492
56.3 0.493
56.4 0.396
56.5 0.497
56.6 0.491
56.7 0.490
56.8 0.498
56.9 0.487
57 0.489
57.1 0.490
57.2 0.499
57.3 0.490
57.4 0.463
57.5 0.492
57.6 0.405
57.7 0.495
57.8 0.489
57.9 0.496
58 0.404
58.1 0.494
58.2 0.491
58.3 0.382
58.4 0.351
58.5 0.373
58.6 0.350
58.7 0.371
58.8 0.479
58.9 0.485
59 0.484
59.1 0.483
59.2 0.392
59.3 0.458
59.4 0.492
59.5 0.494
59.6 0.401
59.7 0.484
59.8 0.491
59.9 0.492
60 0.399
60.1 0.498
60.2 0.490
60.3 0.490
60.4 0.397
60.5 0.495
60.6 0.491
60.7 0.495
60.8 0.457
60.9 0.497
61 0.490
61.1 0.494
61.2 0.481
61.3 0.490
61.4 0.491
61.5 0.394
61.6 0.455
61.7 0.490
61.8 0.491
61.9 0.489
62 0.453
62.1 0.490
62.2 0.490
62.3 0.490
62.4 0.472
62.5 0.465
62.6 0.491
62.7 0.495
62.8 0.456
62.9 0.492
63 0.490
63.1 0.492
63.2 0.384
63.3 0.471
63.4 0.493
63.5 0.489
63.6 0.459
63.7 0.399
63.8 0.494
63.9 0.489
64 0.455
64.1 0.499
64.2 0.490
64.3 0.494
64.4 0.455
64.5 0.492
64.6 0.490
64.7 0.493
64.8 0.457
64.9 0.492
65 0.490
65.1 0.490
65.2 0.455
65.3 0.493
65.4 0.492
65.5 0.488
65.6 0.457
65.7 0.469
65.8 0.493
65.9 0.498
66 0.459
66.1 0.492
66.2 0.490
66.3 0.490
66.4 0.494
66.5 0.496
66.6 0.489
66.7 0.464
66.8 0.459
66.9 0.491
67 0.490
67.1 0.396
67.2 0.465
67.3 0.483
67.4 0.420
67.5 0.512
67.6 0.453
67.7 0.485
67.8 0.485
67.9 0.483
68 0.458
68.1 0.485
68.2 0.502
68.3 0.490
68.4 0.457
68.5 0.492
68.6 0.385
68.7 0.495
68.8 0.462
68.9 0.475
69 0.489
69.1 0.493
69.2 0.465
69.3 0.494
69.4 0.461
69.5 0.494
69.6 0.466
69.7 0.490
69.8 0.488
69.9 0.487
70 0.463
70.1 0.488
70.2 0.487
70.3 0.487
70.4 0.492
70.5 0.488
70.6 0.491
70.7 0.493
70.8 0.492
70.9 0.488
71 0.490
71.1 0.484
71.2 0.464
71.3 0.490
71.4 0.487
71.5 0.486
71.6 0.466
71.7 0.489
71.8 0.488
71.9 0.488
72 0.312
72.1 0.478
72.2 0.488
72.3 0.491
72.4 0.469
72.5 0.489
72.6 0.490
72.7 0.388
72.8 0.474
72.9 0.490
73 0.491
73.1 0.490
73.2 0.470
73.3 0.489
73.4 0.489
73.5 0.488
73.6 0.470
73.7 0.491
73.8 0.491
73.9 0.494
74 0.471
74.1 0.490
74.2 0.491
74.3 0.490
74.4 0.470
74.5 0.493
74.6 0.489
74.7 0.488
74.8 0.494
74.9 0.488
75 0.491
75.1 0.489
75.2 0.499
75.3 0.403
75.4 0.492
75.5 0.494
75.6 0.473
75.7 0.490
75.8 0.491
75.9 0.491
76 0.482
76.1 0.488
76.2 0.493
76.3 0.490
76.4 0.474
76.5 0.494
76.6 0.492
76.7 0.490
76.8 0.477
76.9 0.489
77 0.489
77.1 0.494
77.2 0.474
77.3 0.487
77.4 0.488
77.5 0.489
77.6 0.480
77.7 0.384
77.8 0.494
77.9 0.490
78 0.475
78.1 0.491
78.2 0.487
78.3 0.489
78.4 0.494
78.5 0.487
78.6 0.488
78.7 0.492
78.8 0.478
78.9 0.496
79 0.488
79.1 0.373
79.2 0.474
79.3 0.491
79.4 0.486
79.5 0.487
79.6 0.482
79.7 0.490
79.8 0.489
79.9 0.488
80 0.481
80.1 0.405
80.2 0.493
80.3 0.397
80.4 0.481
80.5 0.488
80.6 0.490
80.7 0.489
80.8 0.484
80.9 0.489
81 0.489
81.1 0.488
81.2 0.483
81.3 0.491
81.4 0.461
81.5 0.495
81.6 0.493
81.7 0.491
81.8 0.489
81.9 0.495
82 0.494
82.1 0.489
82.2 0.489
82.3 0.491
82.4 0.494
82.5 0.490
82.6 0.452
82.7 0.483
82.8 0.489
82.9 0.489
83 0.489
83.1 0.490
83.2 0.489
83.3 0.490
83.4 0.489
83.5 0.492
83.6 0.491
83.7 0.493
83.8 0.491
83.9 0.490
84 0.490
84.1 0.493
84.2 0.491
84.3 0.489
84.4 0.488
84.5 0.491
84.6 0.492
84.7 0.491
84.8 0.498
84.9 0.489
85 0.489
85.1 0.492
85.2 0.465
85.3 0.490
85.4 0.489
85.5 0.489
85.6 0.376
85.7 0.370
85.8 0.364
85.9 0.366
86 0.485
86.1 0.483
86.2 0.490
86.3 0.515
86.4 0.482
86.5 0.486
86.6 0.484
86.7 0.369
86.8 0.484
86.9 0.365
87 0.365
87.1 0.329
87.2 0.486
87.3 0.365
87.4 0.364
87.5 0.329
87.6 0.471
87.7 0.484
87.8 0.492
87.9 0.365
88 0.378
88.1 0.509
88.2 0.471
88.3 0.500
88.4 0.483
88.5 0.483
88.6 0.485
88.7 0.505
88.8 0.485
88.9 0.484
89 0.482
89.1 0.495
89.2 0.481
89.3 0.459
89.4 0.483
89.5 0.492
89.6 0.489
89.7 0.468
89.8 0.484
89.9 0.500
90 0.485
90.1 0.485
90.2 0.487
90.3 0.517
90.4 0.485
90.5 0.491
90.6 0.483
90.7 0.501
90.8 0.484
90.9 0.483
91 0.486
91.1 0.500
91.2 0.349
91.3 0.491
91.4 0.492
91.5 0.501
91.6 0.488
91.7 0.489
91.8 0.489
91.9 0.492
92 0.490
92.1 0.491
92.2 0.576
92.3 0.492
92.4 0.492
92.5 0.495
92.6 0.496
92.7 0.491
92.8 0.489
92.9 0.396
93 0.495
93.1 0.495
93.2 0.492
93.3 0.494
93.4 0.490
93.5 0.490
93.6 0.476
93.7 0.398
93.8 0.394
93.9 0.493
94 0.491
94.1 0.397
94.2 0.494
94.3 0.497
94.4 0.491
94.5 0.391
94.6 0.496
94.7 0.498
94.8 0.490
94.9 0.396
95 0.495
95.1 0.490
95.2 0.491
95.3 0.494
95.4 0.488
95.5 0.489
95.6 0.489
95.7 0.494
95.8 0.490
95.9 0.492
96 0.488
96.1 0.495
96.2 0.490
96.3 0.493
96.4 0.489
96.5 0.493
96.6 0.492
96.7 0.489
96.8 0.465
96.9 0.402
97 0.460
97.1 0.455
97.2 0.490
97.3 0.481
97.4 0.489
97.5 0.489
97.6 0.490
97.7 0.486
97.8 0.489
97.9 0.494
98 0.490
98.1 0.460
98.2 0.491
98.3 0.489
98.4 0.490
98.5 0.492
98.6 0.487
98.7 0.487
98.8 0.489
98.9 0.491
99 0.487
99.1 0.488
99.2 0.489
99.3 0.493
99.4 0.487
99.5 0.492
99.6 0.489
99.7 0.497
99.8 0.475
99.9 0.488
100 0.487
