0.1 0.433
0.2 0.462
0.3 0.460
0.4 0.462
0.5 0.381
0.6 0.384
0.7 0.377
0.8 0.374
0.9 0.375
1 0.374
1.1 0.363
1.2 0.357
1.3 0.449
1.4 0.458
1.5 0.454
1.6 0.454
1.7 0.454
1.8 0.453
1.9 0.371
2 0.453
2.1 0.453
2.2 0.454
2.3 0.453
2.4 0.452
2.5 0.392
2.6 0.365
2.7 0.366
2.8 0.308
2.9 0.298
3 0.319
3.1 0.298
3.2 0.335
3.3 0.339
3.4 0.344
3.5 0.345
3.6 0.328
3.7 0.324
3.8 0.323
3.9 0.479
4 0.447
4.1 0.454
4.2 0.364
4.3 0.378
4.4 0.381
4.5 0.379
4.6 0.377
4.7 0.373
4.8 0.374
4.9 0.367
5 0.452
5.1 0.367
5.2 0.363
5.3 0.363
5.4 0.457
5.5 0.456
5.6 0.456
5.7 0.391
5.8 0.452
5.9 0.455
6 0.466
6.1 0.460
6.2 0.455
6.3 0.456
6.4 0.461
6.5 0.415
6.6 0.457
6.7 0.457
6.8 0.458
6.9 0.456
7 0.455
7.1 0.455
7.2 0.363
7.3 0.363
7.4 0.448
7.5 0.459
7.6 0.455
7.7 0.455
7.8 0.456
7.9 0.456
8 0.457
8.1 0.454
8.2 0.448
8.3 0.456
8.4 0.453
8.5 0.457
8.6 0.454
8.7 0.467
8.8 0.447
8.9 0.451
9 0.457
9.1 0.452
9.2 0.456
9.3 0.457
9.4 0.460
9.5 0.450
9.6 0.409
9.7 0.446
9.8 0.459
9.9 0.462
10 0.453
10.1 0.455
10.2 0.454
10.3 0.455
10.4 0.453
10.5 0.455
10.6 0.499
10.7 0.334
10.8 0.327
10.9 0.326
11 0.324
11.1 0.323
11.2 0.323
11.3 0.323
11.4 0.323
11.5 0.327
11.6 0.327
11.7 0.341
11.8 0.451
11.9 0.455
12 0.455
12.1 0.459
12.2 0.453
12.3 0.454
12.4 0.454
12.5 0.452
12.6 0.447
12.7 0.455
12.8 0.455
12.9 0.453
13 0.453
13.1 0.458
13.2 0.476
13.3 0.368
13.4 0.363
13.5 0.457
13.6 0.458
13.7 0.456
13.8 0.455
13.9 0.455
14 0.400
14.1 0.444
14.2 0.453
14.3 0.453
14.4 0.454
14.5 0.455
14.6 0.454
14.7 0.461
14.8 0.456
14.9 0.452
15 0.453
15.1 0.447
15.2 0.456
15.3 0.452
15.4 0.455
15.5 0.456
15.6 0.453
15.7 0.453
15.8 0.455
15.9 0.401
16 0.455
16.1 0.454
16.2 0.453
16.3 0.457
16.4 0.453
16.5 0.452
16.6 0.453
16.7 0.458
16.8 0.460
16.9 0.460
17 0.460
17.1 0.462
17.2 0.464
17.3 0.463
17.4 0.459
17.5 0.464
17.6 0.458
17.7 0.459
17.8 0.461
17.9 0.379
18 0.386
18.1 0.342
18.2 0.384
18.3 0.357
18.4 0.442
18.5 0.374
18.6 0.375
18.7 0.322
18.8 0.365
18.9 0.413
19 0.450
19.1 0.454
19.2 0.456
19.3 0.365
19.4 0.453
19.5 0.460
19.6 0.456
19.7 0.456
19.8 0.456
19.9 0.456
20 0.455
20.1 0.457
20.2 0.448
20.3 0.456
20.4 0.456
20.5 0.459
20.6 0.454
20.7 0.453
20.8 0.454
20.9 0.459
21 0.388
21.1 0.464
21.2 0.460
21.3 0.459
21.4 0.463
21.5 0.460
21.6 0.460
21.7 0.460
21.8 0.423
21.9 0.459
22 0.461
22.1 0.461
22.2 0.460
22.3 0.459
22.4 0.459
22.5 0.460
22.6 0.465
22.7 0.464
22.8 0.462
22.9 0.461
23 0.457
23.1 0.459
23.2 0.458
23.3 0.459
23.4 0.485
23.5 0.370
23.6 0.368
23.7 0.346
23.8 0.372
23.9 0.369
24 0.365
24.1 0.363
24.2 0.362
24.3 0.369
24.4 0.396
24.5 0.455
24.6 0.453
24.7 0.456
24.8 0.448
24.9 0.454
25 0.453
25.1 0.455
25.2 0.454
25.3 0.455
25.4 0.454
25.5 0.452
25.6 0.454
25.7 0.456
25.8 0.460
25.9 0.458
26 0.457
26.1 0.461
26.2 0.457
26.3 0.455
26.4 0.458
26.5 0.456
26.6 0.455
26.7 0.458
26.8 0.457
26.9 0.460
27 0.457
27.1 0.457
27.2 0.458
27.3 0.455
27.4 0.455
27.5 0.459
27.6 0.456
27.7 0.461
27.8 0.430
27.9 0.456
28 0.458
28.1 0.460
28.2 0.463
28.3 0.462
28.4 0.463
28.5 0.403
28.6 0.464
28.7 0.466
28.8 0.462
28.9 0.461
29 0.464
29.1 0.466
29.2 0.465
29.3 0.460
29.4 0.462
29.5 0.465
29.6 0.463
29.7 0.463
29.8 0.465
29.9 0.462
30 0.463
30.1 0.465
30.2 0.462
30.3 0.463
30.4 0.462
30.5 0.462
30.6 0.462
30.7 0.466
30.8 0.464
30.9 0.466
31 0.394
31.1 0.462
31.2 0.463
31.3 0.463
31.4 0.461
31.5 0.461
31.6 0.462
31.7 0.466
31.8 0.464
31.9 0.461
32 0.461
32.1 0.462
32.2 0.459
32.3 0.466
32.4 0.462
32.5 0.488
32.6 0.330
32.7 0.328
32.8 0.329
32.9 0.325
33 0.324
33.1 0.325
33.2 0.328
33.3 0.330
33.4 0.329
33.5 0.325
33.6 0.315
33.7 0.456
33.8 0.457
33.9 0.463
34 0.455
34.1 0.449
34.2 0.458
34.3 0.456
34.4 0.459
34.5 0.456
34.6 0.456
34.7 0.458
34.8 0.457
34.9 0.454
35 0.455
35.1 0.457
35.2 0.455
35.3 0.450
35.4 0.454
35.5 0.462
35.6 0.454
35.7 0.455
35.8 0.453
35.9 0.453
36 0.461
36.1 0.473
36.2 0.452
36.3 0.456
36.4 0.456
36.5 0.453
36.6 0.452
36.7 0.457
36.8 0.454
36.9 0.403
37 0.453
37.1 0.458
37.2 0.459
37.3 0.459
37.4 0.458
37.5 0.458
37.6 0.460
37.7 0.465
37.8 0.462
37.9 0.457
38 0.475
38.1 0.461
38.2 0.460
38.3 0.460
38.4 0.459
38.5 0.464
38.6 0.458
38.7 0.463
38.8 0.460
38.9 0.459
39 0.461
39.1 0.461
39.2 0.459
39.3 0.462
39.4 0.467
39.5 0.463
39.6 0.474
39.7 0.463
39.8 0.462
39.9 0.464
40 0.462
40.1 0.468
40.2 0.461
40.3 0.467
40.4 0.438
40.5 0.456
40.6 0.461
40.7 0.464
40.8 0.462
40.9 0.487
41 0.331
41.1 0.328
41.2 0.331
41.3 0.325
41.4 0.326
41.5 0.326
41.6 0.326
41.7 0.328
41.8 0.325
41.9 0.330
42 0.348
42.1 0.456
42.2 0.456
42.3 0.463
42.4 0.456
42.5 0.455
42.6 0.456
42.7 0.455
42.8 0.394
42.9 0.451
43 0.455
43.1 0.455
43.2 0.456
43.3 0.455
43.4 0.453
43.5 0.460
43.6 0.453
43.7 0.387
43.8 0.453
43.9 0.453
44 0.457
44.1 0.458
44.2 0.364
44.3 0.453
44.4 0.453
44.5 0.460
44.6 0.453
44.7 0.453
44.8 0.463
44.9 0.451
45 0.457
45.1 0.458
45.2 0.473
45.3 0.464
45.4 0.330
45.5 0.327
45.6 0.327
45.7 0.323
45.8 0.323
45.9 0.324
46 0.323
46.1 0.454
46.2 0.457
46.3 0.455
46.4 0.453
46.5 0.457
46.6 0.457
46.7 0.461
46.8 0.455
46.9 0.456
47 0.456
47.1 0.456
47.2 0.451
47.3 0.456
47.4 0.457
47.5 0.460
47.6 0.451
47.7 0.456
47.8 0.453
47.9 0.453
48 0.393
48.1 0.452
48.2 0.453
48.3 0.459
48.4 0.456
48.5 0.460
48.6 0.457
48.7 0.456
48.8 0.407
48.9 0.461
49 0.463
49.1 0.456
49.2 0.454
49.3 0.463
49.4 0.461
49.5 0.461
49.6 0.468
49.7 0.462
49.8 0.469
49.9 0.460
50 0.455
50.1 0.455
50.2 0.454
50.3 0.465
50.4 0.371
50.5 0.458
50.6 0.461
50.7 0.466
50.8 0.464
50.9 0.460
51 0.461
51.1 0.390
51.2 0.372
51.3 0.371
51.4 0.452
51.5 0.460
51.6 0.467
51.7 0.469
51.8 0.456
51.9 0.455
52 0.456
52.1 0.459
52.2 0.462
52.3 0.465
52.4 0.461
52.5 0.459
52.6 0.463
52.7 0.460
52.8 0.460
52.9 0.467
53 0.454
53.1 0.460
53.2 0.465
53.3 0.464
53.4 0.459
53.5 0.460
53.6 0.471
53.7 0.480
53.8 0.326
53.9 0.322
54 0.325
54.1 0.324
54.2 0.323
54.3 0.322
54.4 0.327
54.5 0.324
54.6 0.323
54.7 0.328
54.8 0.342
54.9 0.453
55 0.455
55.1 0.456
55.2 0.457
55.3 0.365
55.4 0.453
55.5 0.453
55.6 0.453
55.7 0.391
55.8 0.453
55.9 0.459
56 0.455
56.1 0.457
56.2 0.456
56.3 0.461
56.4 0.456
56.5 0.438
56.6 0.453
56.7 0.457
56.8 0.460
56.9 0.454
57 0.457
57.1 0.454
57.2 0.456
57.3 0.461
57.4 0.456
57.5 0.455
57.6 0.459
57.7 0.455
57.8 0.459
57.9 0.460
58 0.455
58.1 0.455
58.2 0.457
58.3 0.457
58.4 0.456
58.5 0.449
58.6 0.458
58.7 0.457
58.8 0.454
58.9 0.456
59 0.452
59.1 0.457
59.2 0.457
59.3 0.459
59.4 0.474
59.5 0.466
59.6 0.465
59.7 0.466
59.8 0.461
59.9 0.463
60 0.462
60.1 0.461
60.2 0.463
60.3 0.388
60.4 0.465
60.5 0.461
60.6 0.458
60.7 0.455
60.8 0.456
60.9 0.456
61 0.455
61.1 0.466
61.2 0.463
61.3 0.460
61.4 0.402
61.5 0.463
61.6 0.463
61.7 0.462
61.8 0.463
61.9 0.462
62 0.462
62.1 0.358
62.2 0.332
62.3 0.462
62.4 0.461
62.5 0.463
62.6 0.464
62.7 0.468
62.8 0.463
62.9 0.461
63 0.463
63.1 0.454
63.2 0.454
63.3 0.362
63.4 0.364
63.5 0.362
63.6 0.361
63.7 0.364
63.8 0.363
63.9 0.297
64 0.354
64.1 0.451
64.2 0.454
64.3 0.457
64.4 0.458
64.5 0.453
64.6 0.453
64.7 0.453
64.8 0.453
64.9 0.447
65 0.453
65.1 0.453
65.2 0.353
65.3 0.456
65.4 0.451
65.5 0.451
65.6 0.453
65.7 0.396
65.8 0.453
65.9 0.459
66 0.454
66.1 0.478
66.2 0.448
66.3 0.457
66.4 0.455
66.5 0.463
66.6 0.458
66.7 0.456
66.8 0.458
66.9 0.456
67 0.459
67.1 0.461
67.2 0.455
67.3 0.461
67.4 0.455
67.5 0.460
67.6 0.455
67.7 0.456
67.8 0.457
67.9 0.455
68 0.458
68.1 0.456
68.2 0.474
68.3 0.461
68.4 0.463
68.5 0.464
68.6 0.462
68.7 0.461
68.8 0.462
68.9 0.460
69 0.460
69.1 0.467
69.2 0.460
69.3 0.464
69.4 0.461
69.5 0.461
69.6 0.461
69.7 0.463
69.8 0.458
69.9 0.462
70 0.482
70.1 0.462
70.2 0.463
70.3 0.462
70.4 0.463
70.5 0.462
70.6 0.461
70.7 0.465
70.8 0.461
70.9 0.462
71 0.461
71.1 0.461
71.2 0.463
71.3 0.465
71.4 0.465
71.5 0.464
71.6 0.462
71.7 0.389
71.8 0.462
71.9 0.463
72 0.462
72.1 0.461
72.2 0.467
72.3 0.469
72.4 0.463
72.5 0.462
72.6 0.462
72.7 0.462
72.8 0.462
72.9 0.462
73 0.466
73.1 0.461
73.2 0.462
73.3 0.466
73.4 0.461
73.5 0.462
73.6 0.464
73.7 0.465
73.8 0.466
73.9 0.466
74 0.462
74.1 0.460
74.2 0.464
74.3 0.461
74.4 0.461
74.5 0.462
74.6 0.465
74.7 0.464
74.8 0.461
74.9 0.463
75 0.463
75.1 0.461
75.2 0.462
75.3 0.464
75.4 0.466
75.5 0.466
75.6 0.461
75.7 0.462
75.8 0.466
75.9 0.462
76 0.461
76.1 0.461
76.2 0.412
76.3 0.462
76.4 0.462
76.5 0.463
76.6 0.462
76.7 0.458
76.8 0.463
76.9 0.462
77 0.398
77.1 0.466
77.2 0.462
77.3 0.461
77.4 0.463
77.5 0.464
77.6 0.461
77.7 0.461
77.8 0.449
77.9 0.459
78 0.459
78.1 0.473
78.2 0.461
78.3 0.461
78.4 0.460
78.5 0.459
78.6 0.468
78.7 0.465
78.8 0.462
78.9 0.460
79 0.465
79.1 0.458
79.2 0.462
79.3 0.460
79.4 0.466
79.5 0.371
79.6 0.332
79.7 0.328
79.8 0.330
79.9 0.325
80 0.326
80.1 0.326
80.2 0.326
80.3 0.329
80.4 0.324
80.5 0.312
80.6 0.458
80.7 0.455
80.8 0.453
80.9 0.456
81 0.454
81.1 0.456
81.2 0.454
81.3 0.454
81.4 0.453
81.5 0.352
81.6 0.452
81.7 0.455
81.8 0.453
81.9 0.459
82 0.455
82.1 0.455
82.2 0.398
82.3 0.455
82.4 0.454
82.5 0.455
82.6 0.454
82.7 0.454
82.8 0.454
82.9 0.453
83 0.458
83.1 0.462
83.2 0.463
83.3 0.456
83.4 0.453
83.5 0.466
83.6 0.463
83.7 0.455
83.8 0.462
83.9 0.457
84 0.459
84.1 0.470
84.2 0.464
84.3 0.463
84.4 0.461
84.5 0.473
84.6 0.461
84.7 0.455
84.8 0.454
84.9 0.457
85 0.453
85.1 0.458
85.2 0.455
85.3 0.471
85.4 0.458
85.5 0.455
85.6 0.460
85.7 0.460
85.8 0.462
85.9 0.468
86 0.463
86.1 0.477
86.2 0.455
86.3 0.465
86.4 0.462
86.5 0.462
86.6 0.463
86.7 0.466
86.8 0.463
86.9 0.461
87 0.461
87.1 0.473
87.2 0.456
87.3 0.472
87.4 0.462
87.5 0.462
87.6 0.461
87.7 0.459
87.8 0.461
87.9 0.454
88 0.412
88.1 0.455
88.2 0.463
88.3 0.468
88.4 0.458
88.5 0.460
88.6 0.459
88.7 0.396
88.8 0.464
88.9 0.459
89 0.460
89.1 0.325
89.2 0.459
89.3 0.460
89.4 0.459
89.5 0.486
89.6 0.331
89.7 0.326
89.8 0.326
89.9 0.332
90 0.328
90.1 0.327
90.2 0.323
90.3 0.323
90.4 0.322
90.5 0.325
90.6 0.309
90.7 0.455
90.8 0.454
90.9 0.454
91 0.455
91.1 0.455
91.2 0.456
91.3 0.458
91.4 0.455
91.5 0.455
91.6 0.454
91.7 0.455
91.8 0.389
91.9 0.455
92 0.455
92.1 0.455
92.2 0.455
92.3 0.399
92.4 0.456
92.5 0.456
92.6 0.458
92.7 0.459
92.8 0.456
92.9 0.454
93 0.458
93.1 0.418
93.2 0.453
93.3 0.453
93.4 0.456
93.5 0.453
93.6 0.455
93.7 0.454
93.8 0.453
93.9 0.454
94 0.455
94.1 0.455
94.2 0.471
94.3 0.462
94.4 0.461
94.5 0.462
94.6 0.461
94.7 0.465
94.8 0.462
94.9 0.461
95 0.462
95.1 0.462
95.2 0.460
95.3 0.462
95.4 0.464
95.5 0.462
95.6 0.405
95.7 0.455
95.8 0.463
95.9 0.463
96 0.465
96.1 0.464
96.2 0.464
96.3 0.466
96.4 0.469
96.5 0.462
96.6 0.466
96.7 0.462
96.8 0.463
96.9 0.465
97 0.463
97.1 0.461
97.2 0.464
97.3 0.462
97.4 0.461
97.5 0.463
97.6 0.461
97.7 0.444
97.8 0.355
97.9 0.467
98 0.397
98.1 0.461
98.2 0.464
98.3 0.467
98.4 0.461
98.5 0.454
98.6 0.459
98.7 0.364
98.8 0.364
98.9 0.464
99 0.454
99.1 0.456
99.2 0.457
99.3 0.456
99.4 0.454
99.5 0.459
99.6 0.458
99.7 0.450
99.8 0.456
99.9 0.459
100 0.456
