0.1 0.447
0.2 0.435
0.3 0.533
0.4 0.524
0.5 0.566
0.6 0.532
0.7 0.564
0.8 0.525
0.9 0.529
1 0.529
1.1 0.564
1.2 0.530
1.3 0.563
1.4 0.569
1.5 0.521
1.6 0.528
1.7 0.527
1.8 0.527
1.9 0.567
2 0.530
2.1 0.501
2.2 0.526
2.3 0.566
2.4 0.544
2.5 0.535
2.6 0.498
2.7 0.522
2.8 0.536
2.9 0.526
3 0.538
3.1 0.557
3.2 0.522
3.3 0.529
3.4 0.531
3.5 0.565
3.6 0.454
3.7 0.530
3.8 0.530
3.9 0.503
4 0.525
4.1 0.525
4.2 0.529
4.3 0.560
4.4 0.527
4.5 0.521
4.6 0.526
4.7 0.520
4.8 0.409
4.9 0.606
5 0.531
5.1 0.526
5.2 0.531
5.3 0.532
5.4 0.526
5.5 0.537
5.6 0.520
5.7 0.522
5.8 0.529
5.9 0.532
6 0.536
6.1 0.529
6.2 0.569
6.3 0.527
6.4 0.557
6.5 0.530
6.6 0.519
6.7 0.524
6.8 0.529
6.9 0.527
7 0.487
7.1 0.523
7.2 0.522
7.3 0.394
7.4 0.531
7.5 0.391
7.6 0.528
7.7 0.522
7.8 0.534
7.9 0.378
8 0.521
8.1 0.391
8.2 0.567
8.3 0.353
8.4 0.487
8.5 0.354
8.6 0.573
8.7 0.383
8.8 0.525
8.9 0.349
9 0.525
9.1 0.406
9.2 0.523
9.3 0.396
9.4 0.569
9.5 0.363
9.6 0.529
9.7 0.354
9.8 0.528
9.9 0.365
10 0.517
10.1 0.362
10.2 0.402
10.3 0.525
10.4 0.516
10.5 0.523
10.6 0.383
10.7 0.517
10.8 0.565
10.9 0.564
11 0.570
11.1 0.502
11.2 0.405
11.3 0.521
11.4 0.523
11.5 0.522
11.6 0.568
11.7 0.531
11.8 0.520
11.9 0.525
12 0.556
12.1 0.522
12.2 0.520
12.3 0.564
12.4 0.564
12.5 0.526
12.6 0.531
12.7 0.529
12.8 0.521
12.9 0.525
13 0.506
13.1 0.529
13.2 0.518
13.3 0.511
13.4 0.526
13.5 0.556
13.6 0.564
13.7 0.562
13.8 0.531
13.9 0.531
14 0.522
14.1 0.522
14.2 0.531
14.3 0.562
14.4 0.565
14.5 0.531
14.6 0.496
14.7 0.529
14.8 0.531
14.9 0.455
15 0.470
15.1 0.525
15.2 0.362
15.3 0.526
15.4 0.427
15.5 0.526
15.6 0.391
15.7 0.564
15.8 0.440
15.9 0.529
16 0.391
16.1 0.525
16.2 0.427
16.3 0.605
16.4 0.551
16.5 0.528
16.6 0.529
16.7 0.523
16.8 0.532
16.9 0.525
17 0.527
17.1 0.518
17.2 0.558
17.3 0.557
17.4 0.516
17.5 0.525
17.6 0.527
17.7 0.528
17.8 0.393
17.9 0.529
18 0.402
18.1 0.487
18.2 0.374
18.3 0.526
18.4 0.396
18.5 0.524
18.6 0.406
18.7 0.407
18.8 0.406
18.9 0.521
19 0.528
19.1 0.525
19.2 0.527
19.3 0.531
19.4 0.537
19.5 0.507
19.6 0.519
19.7 0.529
19.8 0.525
19.9 0.531
20 0.564
20.1 0.513
20.2 0.532
20.3 0.533
20.4 0.526
20.5 0.519
20.6 0.571
20.7 0.563
20.8 0.527
20.9 0.571
21 0.532
21.1 0.521
21.2 0.388
21.3 0.530
21.4 0.564
21.5 0.525
21.6 0.560
21.7 0.563
21.8 0.560
21.9 0.569
22 0.525
22.1 0.527
22.2 0.532
22.3 0.541
22.4 0.522
22.5 0.526
22.6 0.520
22.7 0.463
22.8 0.517
22.9 0.523
23 0.520
23.1 0.520
23.2 0.519
23.3 0.556
23.4 0.560
23.5 0.479
23.6 0.525
23.7 0.460
23.8 0.532
23.9 0.557
24 0.523
24.1 0.564
24.2 0.520
24.3 0.515
24.4 0.522
24.5 0.483
24.6 0.521
24.7 0.526
24.8 0.477
24.9 0.522
25 0.467
25.1 0.415
25.2 0.526
25.3 0.435
25.4 0.520
25.5 0.483
25.6 0.557
25.7 0.434
25.8 0.521
25.9 0.393
26 0.401
26.1 0.338
26.2 0.514
26.3 0.398
26.4 0.521
26.5 0.521
26.6 0.523
26.7 0.523
26.8 0.565
26.9 0.565
27 0.567
27.1 0.408
27.2 0.520
27.3 0.530
27.4 0.531
27.5 0.524
27.6 0.522
27.7 0.511
27.8 0.569
27.9 0.529
28 0.565
28.1 0.529
28.2 0.561
28.3 0.520
28.4 0.524
28.5 0.493
28.6 0.524
28.7 0.526
28.8 0.517
28.9 0.517
29 0.520
29.1 0.518
29.2 0.514
29.3 0.520
29.4 0.494
29.5 0.520
29.6 0.529
29.7 0.392
29.8 0.559
29.9 0.525
30 0.531
30.1 0.529
30.2 0.522
30.3 0.526
30.4 0.525
30.5 0.527
30.6 0.513
30.7 0.522
30.8 0.520
30.9 0.519
31 0.557
31.1 0.528
31.2 0.528
31.3 0.525
31.4 0.528
31.5 0.474
31.6 0.546
31.7 0.533
31.8 0.525
31.9 0.528
32 0.522
32.1 0.560
32.2 0.393
32.3 0.519
32.4 0.522
32.5 0.566
32.6 0.452
32.7 0.526
32.8 0.432
32.9 0.521
33 0.485
33.1 0.562
33.2 0.529
33.3 0.581
33.4 0.356
33.5 0.339
33.6 0.366
33.7 0.561
33.8 0.562
33.9 0.517
34 0.558
34.1 0.563
34.2 0.566
34.3 0.525
34.4 0.550
34.5 0.525
34.6 0.532
34.7 0.480
34.8 0.513
34.9 0.401
35 0.337
35.1 0.369
35.2 0.451
35.3 0.462
35.4 0.517
35.5 0.567
35.6 0.532
35.7 0.565
35.8 0.529
35.9 0.523
36 0.531
36.1 0.535
36.2 0.530
36.3 0.526
36.4 0.529
36.5 0.519
36.6 0.558
36.7 0.519
36.8 0.561
36.9 0.520
37 0.560
37.1 0.561
37.2 0.530
37.3 0.525
37.4 0.522
37.5 0.519
37.6 0.402
37.7 0.528
37.8 0.525
37.9 0.566
38 0.532
38.1 0.517
38.2 0.566
38.3 0.528
38.4 0.457
38.5 0.568
38.6 0.534
38.7 0.526
38.8 0.528
38.9 0.565
39 0.566
39.1 0.528
39.2 0.565
39.3 0.564
39.4 0.529
39.5 0.534
39.6 0.398
39.7 0.480
39.8 0.538
39.9 0.569
40 0.528
40.1 0.565
40.2 0.572
40.3 0.525
40.4 0.523
40.5 0.520
40.6 0.565
40.7 0.584
40.8 0.603
40.9 0.635
41 0.440
41.1 0.458
41.2 0.587
41.3 0.627
41.4 0.571
41.5 0.565
41.6 0.561
41.7 0.556
41.8 0.457
41.9 0.521
42 0.516
42.1 0.518
42.2 0.564
42.3 0.544
42.4 0.530
42.5 0.524
42.6 0.527
42.7 0.389
42.8 0.527
42.9 0.502
43 0.563
43.1 0.565
43.2 0.525
43.3 0.564
43.4 0.525
43.5 0.526
43.6 0.525
43.7 0.522
43.8 0.529
43.9 0.521
44 0.526
44.1 0.457
44.2 0.514
44.3 0.518
44.4 0.529
44.5 0.556
44.6 0.524
44.7 0.405
44.8 0.467
44.9 0.527
45 0.519
45.1 0.518
45.2 0.566
45.3 0.526
45.4 0.525
45.5 0.533
45.6 0.569
45.7 0.511
45.8 0.496
45.9 0.517
46 0.534
46.1 0.497
46.2 0.523
46.3 0.567
46.4 0.559
46.5 0.565
46.6 0.526
46.7 0.527
46.8 0.527
46.9 0.563
47 0.420
47.1 0.526
47.2 0.565
47.3 0.532
47.4 0.564
47.5 0.572
47.6 0.406
47.7 0.518
47.8 0.567
47.9 0.520
48 0.560
48.1 0.518
48.2 0.517
48.3 0.517
48.4 0.521
48.5 0.530
48.6 0.519
48.7 0.515
48.8 0.520
48.9 0.525
49 0.562
49.1 0.490
49.2 0.529
49.3 0.516
49.4 0.515
49.5 0.518
49.6 0.519
49.7 0.522
49.8 0.480
49.9 0.516
50 0.516
50.1 0.521
50.2 0.568
50.3 0.509
50.4 0.522
50.5 0.520
50.6 0.516
50.7 0.529
50.8 0.525
50.9 0.523
51 0.522
51.1 0.525
51.2 0.462
51.3 0.524
51.4 0.524
51.5 0.567
51.6 0.566
51.7 0.565
51.8 0.572
51.9 0.497
52 0.466
52.1 0.544
52.2 0.522
52.3 0.524
52.4 0.569
52.5 0.530
52.6 0.522
52.7 0.534
52.8 0.562
52.9 0.529
53 0.548
53.1 0.573
53.2 0.564
53.3 0.528
53.4 0.407
53.5 0.521
53.6 0.578
53.7 0.577
53.8 0.601
53.9 0.577
54 0.575
54.1 0.515
54.2 0.531
54.3 0.523
54.4 0.501
54.5 0.570
54.6 0.565
54.7 0.565
54.8 0.576
54.9 0.519
55 0.530
55.1 0.528
55.2 0.530
55.3 0.524
55.4 0.530
55.5 0.524
55.6 0.493
55.7 0.520
55.8 0.527
55.9 0.561
56 0.524
56.1 0.559
56.2 0.565
56.3 0.558
56.4 0.531
56.5 0.523
56.6 0.520
56.7 0.527
56.8 0.530
56.9 0.523
57 0.575
57.1 0.566
57.2 0.526
57.3 0.522
57.4 0.500
57.5 0.523
57.6 0.558
57.7 0.522
57.8 0.525
57.9 0.525
58 0.520
58.1 0.517
58.2 0.526
58.3 0.528
58.4 0.463
58.5 0.522
58.6 0.529
58.7 0.565
58.8 0.524
58.9 0.521
59 0.563
59.1 0.563
59.2 0.522
59.3 0.519
59.4 0.522
59.5 0.515
59.6 0.523
59.7 0.530
59.8 0.564
59.9 0.569
60 0.579
60.1 0.392
60.2 0.528
60.3 0.523
60.4 0.489
60.5 0.526
60.6 0.525
60.7 0.559
60.8 0.521
60.9 0.563
61 0.521
61.1 0.564
61.2 0.520
61.3 0.525
61.4 0.523
61.5 0.522
61.6 0.490
61.7 0.525
61.8 0.569
61.9 0.524
62 0.521
62.1 0.522
62.2 0.521
62.3 0.520
62.4 0.513
62.5 0.483
62.6 0.515
62.7 0.522
62.8 0.556
62.9 0.379
63 0.555
63.1 0.524
63.2 0.578
63.3 0.526
63.4 0.575
63.5 0.523
63.6 0.526
63.7 0.523
63.8 0.542
63.9 0.528
64 0.587
64.1 0.532
64.2 0.528
64.3 0.525
64.4 0.532
64.5 0.481
64.6 0.529
64.7 0.561
64.8 0.521
64.9 0.521
65 0.535
65.1 0.568
65.2 0.564
65.3 0.520
65.4 0.576
65.5 0.575
65.6 0.513
65.7 0.561
65.8 0.528
65.9 0.521
66 0.512
66.1 0.564
66.2 0.504
66.3 0.601
66.4 0.523
66.5 0.576
66.6 0.434
66.7 0.523
66.8 0.525
66.9 0.571
67 0.565
67.1 0.524
67.2 0.514
67.3 0.398
67.4 0.517
67.5 0.517
67.6 0.390
67.7 0.565
67.8 0.456
67.9 0.527
68 0.524
68.1 0.522
68.2 0.531
68.3 0.493
68.4 0.529
68.5 0.517
68.6 0.465
68.7 0.465
68.8 0.522
68.9 0.561
69 0.566
69.1 0.520
69.2 0.520
69.3 0.525
69.4 0.520
69.5 0.520
69.6 0.564
69.7 0.561
69.8 0.529
69.9 0.520
70 0.521
70.1 0.576
70.2 0.535
70.3 0.532
70.4 0.570
70.5 0.523
70.6 0.524
70.7 0.523
70.8 0.456
70.9 0.521
71 0.531
71.1 0.466
71.2 0.521
71.3 0.523
71.4 0.519
71.5 0.523
71.6 0.520
71.7 0.516
71.8 0.529
71.9 0.522
72 0.563
72.1 0.565
72.2 0.531
72.3 0.529
72.4 0.571
72.5 0.521
72.6 0.509
72.7 0.518
72.8 0.569
72.9 0.568
73 0.525
73.1 0.565
73.2 0.511
73.3 0.566
73.4 0.515
73.5 0.522
73.6 0.521
73.7 0.558
73.8 0.514
73.9 0.515
74 0.401
74.1 0.516
74.2 0.391
74.3 0.524
74.4 0.523
74.5 0.522
74.6 0.565
74.7 0.520
74.8 0.515
74.9 0.519
75 0.561
75.1 0.520
75.2 0.476
75.3 0.477
75.4 0.473
75.5 0.566
75.6 0.527
75.7 0.412
75.8 0.515
75.9 0.521
76 0.519
76.1 0.566
76.2 0.574
76.3 0.527
76.4 0.521
76.5 0.521
76.6 0.574
76.7 0.520
76.8 0.556
76.9 0.515
77 0.522
77.1 0.457
77.2 0.517
77.3 0.562
77.4 0.432
77.5 0.515
77.6 0.497
77.7 0.400
77.8 0.528
77.9 0.512
78 0.518
78.1 0.511
78.2 0.562
78.3 0.514
78.4 0.566
78.5 0.568
78.6 0.512
78.7 0.516
78.8 0.460
78.9 0.511
79 0.513
79.1 0.530
79.2 0.566
79.3 0.524
79.4 0.528
79.5 0.558
79.6 0.558
79.7 0.515
79.8 0.564
79.9 0.519
80 0.519
80.1 0.516
80.2 0.518
80.3 0.519
80.4 0.528
80.5 0.384
80.6 0.517
80.7 0.563
80.8 0.563
80.9 0.513
81 0.516
81.1 0.476
81.2 0.519
81.3 0.483
81.4 0.516
81.5 0.505
81.6 0.511
81.7 0.562
81.8 0.520
81.9 0.513
82 0.556
82.1 0.562
82.2 0.557
82.3 0.497
82.4 0.572
82.5 0.389
82.6 0.517
82.7 0.516
82.8 0.520
82.9 0.462
83 0.523
83.1 0.565
83.2 0.518
83.3 0.521
83.4 0.520
83.5 0.566
83.6 0.519
83.7 0.565
83.8 0.518
83.9 0.522
84 0.531
84.1 0.522
84.2 0.543
84.3 0.520
84.4 0.501
84.5 0.506
84.6 0.535
84.7 0.519
84.8 0.535
84.9 0.522
85 0.534
85.1 0.555
85.2 0.533
85.3 0.517
85.4 0.568
85.5 0.508
85.6 0.531
85.7 0.455
85.8 0.538
85.9 0.564
86 0.531
86.1 0.566
86.2 0.537
86.3 0.562
86.4 0.458
86.5 0.533
86.6 0.538
86.7 0.518
86.8 0.532
86.9 0.519
87 0.575
87.1 0.517
87.2 0.538
87.3 0.499
87.4 0.541
87.5 0.516
87.6 0.576
87.7 0.523
87.8 0.537
87.9 0.565
88 0.568
88.1 0.516
88.2 0.492
88.3 0.454
88.4 0.533
88.5 0.522
88.6 0.545
88.7 0.519
88.8 0.394
88.9 0.509
89 0.539
89.1 0.519
89.2 0.522
89.3 0.562
89.4 0.519
89.5 0.470
89.6 0.518
89.7 0.565
89.8 0.562
89.9 0.516
90 0.506
90.1 0.470
90.2 0.523
90.3 0.520
90.4 0.566
90.5 0.566
90.6 0.519
90.7 0.563
90.8 0.463
90.9 0.514
91 0.517
91.1 0.510
91.2 0.561
91.3 0.511
91.4 0.522
91.5 0.516
91.6 0.516
91.7 0.488
91.8 0.523
91.9 0.538
92 0.521
92.1 0.496
92.2 0.522
92.3 0.562
92.4 0.560
92.5 0.472
92.6 0.524
92.7 0.512
92.8 0.519
92.9 0.568
93 0.542
93.1 0.519
93.2 0.564
93.3 0.514
93.4 0.483
93.5 0.521
93.6 0.522
93.7 0.532
93.8 0.524
93.9 0.570
94 0.559
94.1 0.522
94.2 0.518
94.3 0.523
94.4 0.566
94.5 0.564
94.6 0.564
94.7 0.534
94.8 0.534
94.9 0.513
95 0.519
95.1 0.524
95.2 0.525
95.3 0.577
95.4 0.566
95.5 0.580
95.6 0.520
95.7 0.521
95.8 0.519
95.9 0.519
96 0.564
96.1 0.520
96.2 0.521
96.3 0.523
96.4 0.490
96.5 0.490
96.6 0.513
96.7 0.522
96.8 0.521
96.9 0.458
97 0.395
97.1 0.519
97.2 0.529
97.3 0.520
97.4 0.405
97.5 0.579
97.6 0.521
97.7 0.515
97.8 0.520
97.9 0.510
98 0.506
98.1 0.512
98.2 0.517
98.3 0.522
98.4 0.522
98.5 0.522
98.6 0.580
98.7 0.565
98.8 0.520
98.9 0.567
99 0.518
99.1 0.566
99.2 0.519
99.3 0.530
99.4 0.517
99.5 0.511
99.6 0.516
99.7 0.564
99.8 0.521
99.9 0.513
100 0.526
